2 0.479591 0.779579 0.0897486 0.151683 1
2 0.316239 0.893815 0.132338 0.204885 2
2 0.413069 0.533172 0.0519492 0.0757011 3
2 0.447546 0.460608 0.0333936 0.0552222 4
2 0.655195 0.545057 0.0578022 0.0850034 5
2 0.500468 0.549176 0.0407219 0.0750602 6
2 0.545499 0.406425 0.02718 0.0323458 7
2 0.479971 0.768921 0.0894877 0.151028 1
2 0.320326 0.880973 0.128272 0.205256 2
2 0.413021 0.534581 0.053123 0.07766 3
2 0.448384 0.460776 0.0323787 0.054453 4
2 0.653337 0.542703 0.0566648 0.0795081 5
2 0.500473 0.549348 0.039916 0.0781562 6
2 0.545023 0.40647 0.0269081 0.032933 7
2 0.480829 0.760078 0.0876647 0.145588 1
2 0.325069 0.854279 0.124691 0.17891 2
2 0.41348 0.531983 0.0527398 0.0741646 3
2 0.448447 0.456784 0.0331346 0.0550241 4
2 0.651853 0.537354 0.0548599 0.0768798 5
2 0.500852 0.547123 0.0391347 0.0759623 6
2 0.544659 0.405741 0.025676 0.0314846 7
2 0.482173 0.748727 0.0842777 0.144316 1
2 0.330361 0.827423 0.120823 0.153374 2
2 0.414455 0.52668 0.0523509 0.0696061 3
2 0.449093 0.456599 0.0334344 0.056939 4
2 0.650202 0.52975 0.0528828 0.0684968 5
2 0.501344 0.544718 0.0389515 0.0755228 6
2 0.544136 0.405582 0.0247245 0.0310237 7
7 0.573416 0.48595 0.0572333 0.121847 10
2 0.482941 0.737498 0.0824123 0.137325 1
2 0.335873 0.811747 0.116086 0.150307 2
2 0.416187 0.521758 0.0507657 0.0653586 3
2 0.449889 0.454523 0.0336778 0.0536234 4
2 0.647111 0.531137 0.0522752 0.0781284 5
2 0.501511 0.543661 0.0395524 0.0774439 6
2 0.543939 0.40446 0.0235661 0.0312425 7
7 0.573131 0.486006 0.0540588 0.10846 10
2 0.823407 0.960054 0.162153 0.0797948 13
2 0.482982 0.729751 0.0813076 0.133414 1
2 0.340192 0.800203 0.112876 0.152805 2
2 0.417215 0.520448 0.050248 0.0671961 3
2 0.449746 0.452951 0.0340831 0.0517917 4
2 0.645602 0.523773 0.0504309 0.070818 5
2 0.501926 0.538927 0.0401953 0.0782489 6
2 0.54405 0.403624 0.0227374 0.0313722 7
7 0.572693 0.484111 0.0522115 0.101615 10
2 0.814958 0.949152 0.172308 0.0971089 13
2 0.482496 0.71946 0.0797427 0.12719 1
2 0.345305 0.790378 0.107936 0.160516 2
2 0.418352 0.51923 0.0487372 0.0655577 3
2 0.450365 0.451505 0.0331087 0.0511339 4
2 0.643155 0.517969 0.0493359 0.0647125 5
2 0.501735 0.532449 0.0392406 0.0674007 6
2 0.543858 0.402971 0.0240755 0.0323905 7
2 0.57186 0.484342 0.0514433 0.103386 10
2 0.801573 0.93709 0.181404 0.120988 13
2 0.482417 0.711046 0.0801805 0.127699 1
2 0.349925 0.770253 0.103869 0.142662 2
2 0.419489 0.515967 0.0478252 0.0642769 3
2 0.45058 0.450118 0.0327961 0.0527861 4
2 0.641431 0.513852 0.048928 0.0611389 5
2 0.501449 0.529134 0.0403003 0.0669254 6
2 0.543612 0.401545 0.0232272 0.0324935 7
2 0.570648 0.481056 0.048191 0.10199 10
2 0.788371 0.926036 0.190278 0.141445 13
2 0.482653 0.702745 0.0786644 0.123061 1
2 0.353871 0.760469 0.101947 0.142878 2
2 0.420968 0.511502 0.0472899 0.0653638 3
2 0.451032 0.448785 0.0325499 0.0512803 4
2 0.639657 0.511203 0.0476542 0.0583663 5
2 0.501376 0.52811 0.0391309 0.0699184 6
2 0.543228 0.401272 0.0231174 0.0319029 7
2 0.569633 0.47819 0.0463891 0.097549 10
2 0.785747 0.915873 0.178356 0.163675 13
2 0.4824 0.694429 0.0776166 0.120594 1
2 0.356898 0.740878 0.0979407 0.122721 2
2 0.421637 0.510358 0.0468581 0.066266 3
2 0.451328 0.448257 0.0325174 0.0506681 4
2 0.637851 0.506902 0.0456957 0.0548891 5
2 0.501775 0.524518 0.0374562 0.0663775 6
2 0.543078 0.400027 0.0230336 0.0297399 7
2 0.568249 0.47674 0.0478248 0.0951779 10
2 0.778331 0.905139 0.166671 0.183541 13
2 0.505449 0.427748 0.0307017 0.0457153 20
2 0.48257 0.686028 0.0763885 0.121184 1
2 0.360771 0.726797 0.0960602 0.113879 2
2 0.421957 0.508867 0.0458801 0.0668593 3
2 0.451851 0.447719 0.0328868 0.0501483 4
2 0.635859 0.506404 0.0462776 0.0599772 5
2 0.501792 0.519857 0.0373332 0.0608307 6
2 0.542495 0.398956 0.0217712 0.0305506 7
2 0.567316 0.47343 0.0481136 0.0933907 10
2 0.767585 0.893599 0.156216 0.19552 13
2 0.505843 0.426438 0.0290325 0.0459627 20
2 0.482873 0.67807 0.0733352 0.11568 1
2 0.364949 0.716487 0.0936997 0.109619 2
2 0.421271 0.507205 0.0473912 0.0686556 3
2 0.452138 0.446411 0.0328616 0.0501681 4
2 0.633756 0.509378 0.048791 0.0731199 5
2 0.501848 0.516707 0.0373717 0.056867 6
2 0.542215 0.398038 0.0218246 0.0310733 7
2 0.565941 0.469242 0.0474354 0.0937549 10
2 0.756941 0.875126 0.148955 0.196819 13
2 0.505605 0.424975 0.029275 0.0449119 20
2 0.483398 0.671047 0.0724271 0.111725 1
2 0.36729 0.706533 0.091189 0.108377 2
2 0.422963 0.504246 0.0434765 0.0667607 3
2 0.452196 0.445881 0.0326164 0.0490157 4
2 0.632375 0.504743 0.0455303 0.0683659 5
2 0.502054 0.516561 0.0374109 0.0575769 6
2 0.541917 0.397553 0.0223681 0.0299672 7
2 0.562328 0.462545 0.0509412 0.0903587 10
2 0.747389 0.856662 0.140461 0.190125 13
2 0.505997 0.424273 0.0272956 0.0433822 20
5 0.123293 0.374172 0.097443 0.0708127 22
2 0.483886 0.663125 0.0699971 0.110017 1
2 0.370209 0.700002 0.0874084 0.116172 2
2 0.424241 0.500664 0.0419886 0.0663912 3
2 0.452449 0.444997 0.0319229 0.0485932 4
2 0.629899 0.504119 0.0465928 0.0719686 5
2 0.502118 0.517929 0.037886 0.0634037 6
2 0.542214 0.398282 0.0221725 0.0309445 7
2 0.562809 0.45239 0.0485502 0.0744412 10
2 0.738137 0.836808 0.133676 0.180895 13
2 0.50572 0.423414 0.0274985 0.0430887 20
5 0.120856 0.372813 0.100714 0.0699331 22
2 0.484372 0.657374 0.0683915 0.109393 1
2 0.372716 0.690775 0.0872931 0.112337 2
2 0.424437 0.500983 0.0414653 0.0659399 3
2 0.452672 0.443806 0.0314276 0.0481016 4
2 0.627943 0.501632 0.0474885 0.0729362 5
2 0.502358 0.516076 0.0373266 0.0657837 6
2 0.541845 0.397359 0.0216625 0.0316033 7
2 0.562992 0.457302 0.0471808 0.0822977 10
2 0.729978 0.817747 0.127687 0.172498 13
2 0.506057 0.422227 0.0286791 0.0422973 20
5 0.118165 0.372453 0.102688 0.0699872 22
2 0.484691 0.651716 0.0666301 0.105229 1
2 0.374784 0.683905 0.0851075 0.113366 2
2 0.424336 0.499934 0.0412645 0.06869 3
2 0.453081 0.441269 0.0313222 0.0493012 4
2 0.62728 0.495942 0.0451981 0.0668491 5
2 0.502315 0.514455 0.0372324 0.0645806 6
2 0.541544 0.394038 0.0207542 0.0312052 7
7 0.56231 0.459706 0.0460157 0.086008 10
2 0.722032 0.800113 0.123367 0.162744 13
2 0.505956 0.422029 0.0295467 0.0421634 20
5 0.115589 0.370524 0.100989 0.0695432 22
2 0.415832 0.502512 0.0583417 0.069193 26
2 0.485278 0.645843 0.0654054 0.103092 1
2 0.377216 0.668423 0.0835549 0.0982932 2
2 0.425838 0.495873 0.0408342 0.0652029 3
2 0.453142 0.440238 0.0314282 0.0493579 4
2 0.626559 0.490414 0.0433667 0.0591742 5
2 0.502268 0.513626 0.0364084 0.0664242 6
2 0.541448 0.394143 0.0203026 0.0305366 7
2 0.562225 0.459498 0.0445463 0.0814376 10
2 0.71419 0.783283 0.117879 0.15486 13
2 0.505742 0.421426 0.0293819 0.0409463 20
5 0.112098 0.371872 0.101634 0.0723809 22
2 0.416768 0.499363 0.0585853 0.0659778 26
7 0.485498 0.639496 0.0644135 0.100232 1
2 0.380127 0.659924 0.0797239 0.0921791 2
2 0.427021 0.491696 0.0400718 0.062817 3
2 0.453722 0.440638 0.0316963 0.048838 4
2 0.502153 0.51216 0.0372704 0.0671814 6
2 0.540876 0.393356 0.0203064 0.0292045 7
7 0.561738 0.457479 0.0436766 0.0812302 10
2 0.706653 0.768207 0.113958 0.148261 13
2 0.505125 0.42087 0.0296788 0.0407189 20
5 0.10922 0.373121 0.104257 0.07424 22
2 0.418453 0.496525 0.0560105 0.0662422 26
7 0.485777 0.632234 0.0622813 0.097985 1
2 0.38248 0.651928 0.0786259 0.0869023 2
2 0.428615 0.485273 0.0372705 0.0577519 3
2 0.454118 0.439477 0.0319957 0.0510632 4
2 0.502216 0.510279 0.0371775 0.0671091 6
2 0.540747 0.393822 0.0223884 0.0275579 7
7 0.560778 0.457151 0.0419061 0.0824798 10
2 0.700399 0.752562 0.109608 0.140029 13
2 0.505516 0.420254 0.0279555 0.0408005 20
5 0.105829 0.375711 0.108364 0.0738427 22
2 0.423488 0.490915 0.0478244 0.0663257 26
2 0.486101 0.625917 0.0622068 0.098155 1
2 0.38446 0.644554 0.0771189 0.0867571 2
2 0.429967 0.481252 0.0372556 0.0524527 3
2 0.454152 0.437741 0.0322301 0.0503749 4
2 0.502369 0.508771 0.0369221 0.0674924 6
2 0.540143 0.392486 0.0211279 0.0276039 7
7 0.56024 0.454333 0.0415558 0.0826814 10
2 0.693945 0.740095 0.10546 0.135703 13
2 0.505554 0.419192 0.027281 0.039729 20
5 0.107839 0.375562 0.101885 0.0744047 22
2 0.423072 0.488492 0.0523881 0.0655192 26
2 0.940346 0.955845 0.118207 0.08729 29
2 0.519917 0.967519 0.14434 0.0607125 30
2 0.48596 0.621449 0.0612017 0.0968661 1
2 0.386726 0.637018 0.0760398 0.0832048 2
2 0.429929 0.47978 0.0366278 0.0534875 3
2 0.454776 0.437198 0.0320276 0.0513618 4
2 0.503147 0.507664 0.0362824 0.0689743 6
2 0.53927 0.393767 0.0193852 0.0253096 7
7 0.559739 0.452197 0.0402328 0.0829973 10
2 0.688455 0.726224 0.102546 0.132142 13
2 0.505897 0.418663 0.0264689 0.0391821 20
5 0.108685 0.376385 0.0946077 0.0779874 22
2 0.424684 0.487177 0.0478741 0.0672725 26
2 0.933734 0.944878 0.131452 0.109171 29
2 0.520873 0.957975 0.148311 0.0780017 30
2 0.485758 0.61593 0.0613168 0.0980492 1
2 0.389635 0.629544 0.0729227 0.0817796 2
2 0.430297 0.478457 0.0362186 0.0514776 3
2 0.455166 0.435525 0.0319494 0.0504188 4
2 0.503444 0.505979 0.0357437 0.068136 6
2 0.539039 0.393989 0.0196253 0.0267993 7
7 0.559272 0.454804 0.0391284 0.0840356 10
2 0.682495 0.712122 0.099554 0.126421 13
2 0.505302 0.418558 0.0277609 0.0396356 20
5 0.100123 0.377323 0.10257 0.0791565 22
2 0.423795 0.485994 0.0515959 0.0644821 26
2 0.925398 0.932838 0.148132 0.133896 29
2 0.522541 0.946331 0.147097 0.10121 30
2 0.485594 0.612394 0.061169 0.0955245 1
2 0.391554 0.626626 0.0719776 0.0848623 2
2 0.430308 0.477425 0.0353886 0.0486866 3
2 0.455765 0.434294 0.0320627 0.0473605 4
2 0.504192 0.500729 0.0350601 0.0643223 6
2 0.538995 0.393286 0.0194923 0.0281313 7
2 0.676964 0.701389 0.0951665 0.121967 13
2 0.505423 0.417944 0.0271659 0.0386316 20
5 0.094852 0.378875 0.107048 0.0797981 22
2 0.424031 0.485465 0.0506728 0.062884 26
2 0.918815 0.920202 0.161575 0.158386 29
7 0.523766 0.934723 0.147445 0.122271 30
2 0.485896 0.607589 0.0611049 0.09598 1
2 0.392998 0.620576 0.0709112 0.0846814 2
2 0.430474 0.476619 0.0362361 0.0529571 3
2 0.456921 0.43349 0.0322426 0.0462767 4
2 0.504501 0.499499 0.0351251 0.0653939 6
2 0.539908 0.392524 0.0219066 0.0280455 7
2 0.672442 0.690751 0.0921146 0.116435 13
2 0.505653 0.415887 0.0258347 0.0380912 20
5 0.0910641 0.380092 0.110926 0.080968 22
2 0.424261 0.484058 0.050806 0.0643579 26
2 0.912878 0.909167 0.173604 0.18007 29
2 0.525088 0.924448 0.141415 0.14341 30
2 0.486052 0.601322 0.0608225 0.0939263 1
2 0.394057 0.618816 0.0705785 0.088676 2
2 0.430789 0.475215 0.0349376 0.0486368 3
2 0.456954 0.432337 0.0319254 0.0458541 4
2 0.504642 0.49734 0.0345911 0.0621538 6
2 0.667683 0.680838 0.088906 0.112108 13
2 0.506144 0.415723 0.0254878 0.0374215 20
5 0.0887486 0.379922 0.113858 0.0812068 22
2 0.424187 0.483842 0.0508561 0.0624092 26
7 0.907441 0.897547 0.184416 0.200126 29
2 0.525578 0.913942 0.141125 0.164324 30
7 0.557806 0.446504 0.0383993 0.0809341 10
2 0.486522 0.596518 0.059329 0.0900458 1
2 0.396487 0.61479 0.0687647 0.0949797 2
2 0.431817 0.474605 0.0365088 0.0524629 3
2 0.457531 0.43132 0.0308848 0.0463994 4
2 0.504341 0.496607 0.0337636 0.0627168 6
2 0.663526 0.670856 0.0869964 0.106635 13
2 0.505901 0.413444 0.025913 0.0361932 20
5 0.0840937 0.380389 0.115852 0.0802201 22
2 0.425184 0.482719 0.0514085 0.0631599 26
7 0.901765 0.888629 0.19534 0.217705 29
7 0.523614 0.903797 0.135362 0.182395 30
7 0.556532 0.447964 0.0401517 0.0881386 10
2 0.486831 0.593481 0.0593089 0.0845879 1
2 0.398125 0.608422 0.0670649 0.0899596 2
2 0.432393 0.473186 0.0371364 0.0544408 3
2 0.457851 0.430141 0.0299831 0.0474765 4
2 0.504231 0.495529 0.0339105 0.0637696 6
2 0.6591 0.661386 0.0854462 0.10479 13
2 0.505734 0.41203 0.0264887 0.034211 20
5 0.0782674 0.380799 0.115654 0.0814199 22
7 0.890099 0.878435 0.195405 0.234091 29
7 0.523216 0.895736 0.132941 0.198426 30
7 0.555667 0.448236 0.0409999 0.0881292 10
2 0.487446 0.589631 0.0576696 0.0815984 1
2 0.400542 0.604244 0.0655896 0.0895759 2
2 0.433459 0.472208 0.0355297 0.0533057 3
2 0.458407 0.429149 0.0288824 0.0471432 4
2 0.503763 0.494246 0.0336708 0.064765 6
2 0.655074 0.652698 0.0820751 0.102331 13
2 0.505236 0.411631 0.0265439 0.0360743 20
6 0.0731015 0.380809 0.124732 0.0811226 22
7 0.877975 0.86721 0.187117 0.24371 29
2 0.522541 0.888247 0.131618 0.216538 30
7 0.52221 0.888739 0.131795 0.213838 42
2 0.48759 0.58627 0.0571829 0.0819674 1
2 0.402248 0.594071 0.0655727 0.0809206 2
2 0.434267 0.470544 0.034895 0.0523509 3
2 0.458635 0.428788 0.0285485 0.0456532 4
2 0.503583 0.491913 0.0342682 0.0631693 6
2 0.650911 0.645453 0.0798301 0.0993907 13
6 0.0687946 0.382157 0.129724 0.0793321 22
2 0.865052 0.849999 0.178449 0.239182 29
7 0.522377 0.879225 0.127021 0.228725 30
2 0.520927 0.881896 0.130433 0.227668 42
2 0.487477 0.581747 0.0564215 0.0815024 1
2 0.403683 0.588887 0.064992 0.0817482 2
2 0.435031 0.470385 0.0350592 0.0537126 3
2 0.458964 0.428144 0.0287418 0.0437293 4
2 0.503314 0.485187 0.0315519 0.0534167 6
2 0.647172 0.635951 0.0783696 0.0954105 13
6 0.0666661 0.381917 0.131652 0.0818279 22
7 0.852439 0.830786 0.170387 0.228434 29
7 0.522269 0.871307 0.125238 0.242573 30
2 0.520382 0.874774 0.123818 0.240158 42
2 0.554187 0.442293 0.0388201 0.0833619 10
2 0.50431 0.410384 0.0289288 0.0357452 20
2 0.487317 0.577985 0.0558513 0.0785428 1
2 0.405215 0.58656 0.0644834 0.08656 2
2 0.435678 0.468121 0.0349582 0.0512526 3
2 0.459351 0.427052 0.0289875 0.0431572 4
2 0.503365 0.481962 0.0320731 0.0480646 6
2 0.643695 0.628211 0.0770158 0.0942209 13
6 0.0658982 0.38266 0.124889 0.0846767 22
7 0.841018 0.811763 0.162612 0.219368 29
7 0.493773 0.864251 0.175644 0.25789 30
2 0.48976 0.867598 0.181177 0.258448 42
2 0.554416 0.439636 0.0390037 0.0792337 10
2 0.504552 0.409667 0.0278814 0.0359007 20
2 0.487157 0.573146 0.0558284 0.0815165 1
2 0.406688 0.581339 0.0638064 0.0807191 2
2 0.436734 0.466009 0.0344524 0.0490907 3
2 0.459678 0.426089 0.0291824 0.0430574 4
2 0.503583 0.484145 0.032601 0.054971 6
2 0.639983 0.621702 0.0747887 0.0936777 13
6 0.0621584 0.383634 0.123859 0.0835265 22
2 0.830443 0.793784 0.154791 0.213347 29
7 0.481617 0.858419 0.196205 0.270813 30
2 0.47833 0.860503 0.201818 0.268814 42
2 0.553937 0.436986 0.038408 0.0775323 10
2 0.504837 0.409616 0.0268306 0.0367572 20
2 0.265707 0.973065 0.131405 0.0522547 49
2 0.479591 0.779579 0.0897486 0.151683 1
2 0.316239 0.893815 0.132338 0.204885 2
2 0.413069 0.533172 0.0519492 0.0757011 3
2 0.447546 0.460608 0.0333936 0.0552222 4
2 0.655195 0.545057 0.0578022 0.0850034 5
2 0.500468 0.549176 0.0407219 0.0750602 6
2 0.545499 0.406425 0.02718 0.0323458 7
2 0.479971 0.768921 0.0894877 0.151028 1
2 0.320326 0.880973 0.128272 0.205256 2
2 0.413021 0.534581 0.053123 0.07766 3
2 0.448384 0.460776 0.0323787 0.054453 4
2 0.653337 0.542703 0.0566648 0.0795081 5
2 0.500473 0.549348 0.039916 0.0781562 6
2 0.545023 0.40647 0.0269081 0.032933 7
2 0.480829 0.760078 0.0876647 0.145588 1
2 0.325069 0.854279 0.124691 0.17891 2
2 0.41348 0.531983 0.0527398 0.0741646 3
2 0.448447 0.456784 0.0331346 0.0550241 4
2 0.651853 0.537354 0.0548599 0.0768798 5
2 0.500852 0.547123 0.0391347 0.0759623 6
2 0.544659 0.405741 0.025676 0.0314846 7
2 0.482173 0.748727 0.0842777 0.144316 1
2 0.330361 0.827423 0.120823 0.153374 2
2 0.414455 0.52668 0.0523509 0.0696061 3
2 0.449093 0.456599 0.0334344 0.056939 4
2 0.650202 0.52975 0.0528828 0.0684968 5
2 0.501344 0.544718 0.0389515 0.0755228 6
2 0.544136 0.405582 0.0247245 0.0310237 7
7 0.573416 0.48595 0.0572333 0.121847 10
2 0.482941 0.737498 0.0824123 0.137325 1
2 0.335873 0.811747 0.116086 0.150307 2
2 0.416187 0.521758 0.0507657 0.0653586 3
2 0.449889 0.454523 0.0336778 0.0536234 4
2 0.647111 0.531137 0.0522752 0.0781284 5
2 0.501511 0.543661 0.0395524 0.0774439 6
2 0.543939 0.40446 0.0235661 0.0312425 7
7 0.573131 0.486006 0.0540588 0.10846 10
2 0.823407 0.960054 0.162153 0.0797948 13
2 0.482982 0.729751 0.0813076 0.133414 1
2 0.340192 0.800203 0.112876 0.152805 2
2 0.417215 0.520448 0.050248 0.0671961 3
2 0.449746 0.452951 0.0340831 0.0517917 4
2 0.645602 0.523773 0.0504309 0.070818 5
2 0.501926 0.538927 0.0401953 0.0782489 6
2 0.54405 0.403624 0.0227374 0.0313722 7
7 0.572693 0.484111 0.0522115 0.101615 10
2 0.814958 0.949152 0.172308 0.0971089 13
2 0.482496 0.71946 0.0797427 0.12719 1
2 0.345305 0.790378 0.107936 0.160516 2
2 0.418352 0.51923 0.0487372 0.0655577 3
2 0.450365 0.451505 0.0331087 0.0511339 4
2 0.643155 0.517969 0.0493359 0.0647125 5
2 0.501735 0.532449 0.0392406 0.0674007 6
2 0.543858 0.402971 0.0240755 0.0323905 7
2 0.57186 0.484342 0.0514433 0.103386 10
2 0.801573 0.93709 0.181404 0.120988 13
2 0.482417 0.711046 0.0801805 0.127699 1
2 0.349925 0.770253 0.103869 0.142662 2
2 0.419489 0.515967 0.0478252 0.0642769 3
2 0.45058 0.450118 0.0327961 0.0527861 4
2 0.641431 0.513852 0.048928 0.0611389 5
2 0.501449 0.529134 0.0403003 0.0669254 6
2 0.543612 0.401545 0.0232272 0.0324935 7
2 0.570648 0.481056 0.048191 0.10199 10
2 0.788371 0.926036 0.190278 0.141445 13
2 0.482653 0.702745 0.0786644 0.123061 1
2 0.353871 0.760469 0.101947 0.142878 2
2 0.420968 0.511502 0.0472899 0.0653638 3
2 0.451032 0.448785 0.0325499 0.0512803 4
2 0.639657 0.511203 0.0476542 0.0583663 5
2 0.501376 0.52811 0.0391309 0.0699184 6
2 0.543228 0.401272 0.0231174 0.0319029 7
2 0.569633 0.47819 0.0463891 0.097549 10
2 0.785747 0.915873 0.178356 0.163675 13
2 0.4824 0.694429 0.0776166 0.120594 1
2 0.356898 0.740878 0.0979407 0.122721 2
2 0.421637 0.510358 0.0468581 0.066266 3
2 0.451328 0.448257 0.0325174 0.0506681 4
2 0.637851 0.506902 0.0456957 0.0548891 5
2 0.501775 0.524518 0.0374562 0.0663775 6
2 0.543078 0.400027 0.0230336 0.0297399 7
2 0.568249 0.47674 0.0478248 0.0951779 10
2 0.778331 0.905139 0.166671 0.183541 13
2 0.505449 0.427748 0.0307017 0.0457153 20
2 0.48257 0.686028 0.0763885 0.121184 1
2 0.360771 0.726797 0.0960602 0.113879 2
2 0.421957 0.508867 0.0458801 0.0668593 3
2 0.451851 0.447719 0.0328868 0.0501483 4
2 0.635859 0.506404 0.0462776 0.0599772 5
2 0.501792 0.519857 0.0373332 0.0608307 6
2 0.542495 0.398956 0.0217712 0.0305506 7
2 0.567316 0.47343 0.0481136 0.0933907 10
2 0.767585 0.893599 0.156216 0.19552 13
2 0.505843 0.426438 0.0290325 0.0459627 20
2 0.482873 0.67807 0.0733352 0.11568 1
2 0.364949 0.716487 0.0936997 0.109619 2
2 0.421271 0.507205 0.0473912 0.0686556 3
2 0.452138 0.446411 0.0328616 0.0501681 4
2 0.633756 0.509378 0.048791 0.0731199 5
2 0.501848 0.516707 0.0373717 0.056867 6
2 0.542215 0.398038 0.0218246 0.0310733 7
2 0.565941 0.469242 0.0474354 0.0937549 10
2 0.756941 0.875126 0.148955 0.196819 13
2 0.505605 0.424975 0.029275 0.0449119 20
2 0.483398 0.671047 0.0724271 0.111725 1
2 0.36729 0.706533 0.091189 0.108377 2
2 0.422963 0.504246 0.0434765 0.0667607 3
2 0.452196 0.445881 0.0326164 0.0490157 4
2 0.632375 0.504743 0.0455303 0.0683659 5
2 0.502054 0.516561 0.0374109 0.0575769 6
2 0.541917 0.397553 0.0223681 0.0299672 7
2 0.562328 0.462545 0.0509412 0.0903587 10
2 0.747389 0.856662 0.140461 0.190125 13
2 0.505997 0.424273 0.0272956 0.0433822 20
5 0.123293 0.374172 0.097443 0.0708127 22
2 0.479591 0.779579 0.0897486 0.151683 1
2 0.316239 0.893815 0.132338 0.204885 2
2 0.413069 0.533172 0.0519492 0.0757011 3
2 0.447546 0.460608 0.0333936 0.0552222 4
2 0.655195 0.545057 0.0578022 0.0850034 5
2 0.500468 0.549176 0.0407219 0.0750602 6
2 0.545499 0.406425 0.02718 0.0323458 7
2 0.479591 0.779579 0.0897486 0.151683 1
2 0.316239 0.893815 0.132338 0.204885 2
2 0.413069 0.533172 0.0519492 0.0757011 3
2 0.447546 0.460608 0.0333936 0.0552222 4
2 0.655195 0.545057 0.0578022 0.0850034 5
2 0.500468 0.549176 0.0407219 0.0750602 6
2 0.545499 0.406425 0.02718 0.0323458 7
2 0.479971 0.768921 0.0894877 0.151028 1
2 0.320326 0.880973 0.128272 0.205256 2
2 0.413021 0.534581 0.053123 0.07766 3
2 0.448384 0.460776 0.0323787 0.054453 4
2 0.653337 0.542703 0.0566648 0.0795081 5
2 0.500473 0.549348 0.039916 0.0781562 6
2 0.545023 0.40647 0.0269081 0.032933 7
2 0.480829 0.760078 0.0876647 0.145588 1
2 0.325069 0.854279 0.124691 0.17891 2
2 0.41348 0.531983 0.0527398 0.0741646 3
2 0.448447 0.456784 0.0331346 0.0550241 4
2 0.651853 0.537354 0.0548599 0.0768798 5
2 0.500852 0.547123 0.0391347 0.0759623 6
2 0.544659 0.405741 0.025676 0.0314846 7
2 0.482173 0.748727 0.0842777 0.144316 1
2 0.330361 0.827423 0.120823 0.153374 2
2 0.414455 0.52668 0.0523509 0.0696061 3
2 0.449093 0.456599 0.0334344 0.056939 4
2 0.650202 0.52975 0.0528828 0.0684968 5
2 0.501344 0.544718 0.0389515 0.0755228 6
2 0.544136 0.405582 0.0247245 0.0310237 7
7 0.573416 0.48595 0.0572333 0.121847 10
2 0.482941 0.737498 0.0824123 0.137325 1
2 0.335873 0.811747 0.116086 0.150307 2
2 0.416187 0.521758 0.0507657 0.0653586 3
2 0.449889 0.454523 0.0336778 0.0536234 4
2 0.647111 0.531137 0.0522752 0.0781284 5
2 0.501511 0.543661 0.0395524 0.0774439 6
2 0.543939 0.40446 0.0235661 0.0312425 7
7 0.573131 0.486006 0.0540588 0.10846 10
2 0.823407 0.960054 0.162153 0.0797948 13
2 0.482982 0.729751 0.0813076 0.133414 1
2 0.340192 0.800203 0.112876 0.152805 2
2 0.417215 0.520448 0.050248 0.0671961 3
2 0.449746 0.452951 0.0340831 0.0517917 4
2 0.645602 0.523773 0.0504309 0.070818 5
2 0.501926 0.538927 0.0401953 0.0782489 6
2 0.54405 0.403624 0.0227374 0.0313722 7
7 0.572693 0.484111 0.0522115 0.101615 10
2 0.814958 0.949152 0.172308 0.0971089 13
2 0.482496 0.71946 0.0797427 0.12719 1
2 0.345305 0.790378 0.107936 0.160516 2
2 0.418352 0.51923 0.0487372 0.0655577 3
2 0.450365 0.451505 0.0331087 0.0511339 4
2 0.643155 0.517969 0.0493359 0.0647125 5
2 0.501735 0.532449 0.0392406 0.0674007 6
2 0.543858 0.402971 0.0240755 0.0323905 7
2 0.57186 0.484342 0.0514433 0.103386 10
2 0.801573 0.93709 0.181404 0.120988 13
2 0.482417 0.711046 0.0801805 0.127699 1
2 0.349925 0.770253 0.103869 0.142662 2
2 0.419489 0.515967 0.0478252 0.0642769 3
2 0.45058 0.450118 0.0327961 0.0527861 4
2 0.641431 0.513852 0.048928 0.0611389 5
2 0.501449 0.529134 0.0403003 0.0669254 6
2 0.543612 0.401545 0.0232272 0.0324935 7
2 0.570648 0.481056 0.048191 0.10199 10
2 0.788371 0.926036 0.190278 0.141445 13
2 0.482653 0.702745 0.0786644 0.123061 1
2 0.353871 0.760469 0.101947 0.142878 2
2 0.420968 0.511502 0.0472899 0.0653638 3
2 0.451032 0.448785 0.0325499 0.0512803 4
2 0.639657 0.511203 0.0476542 0.0583663 5
2 0.501376 0.52811 0.0391309 0.0699184 6
2 0.543228 0.401272 0.0231174 0.0319029 7
2 0.569633 0.47819 0.0463891 0.097549 10
2 0.785747 0.915873 0.178356 0.163675 13
2 0.4824 0.694429 0.0776166 0.120594 1
2 0.356898 0.740878 0.0979407 0.122721 2
2 0.421637 0.510358 0.0468581 0.066266 3
2 0.451328 0.448257 0.0325174 0.0506681 4
2 0.637851 0.506902 0.0456957 0.0548891 5
2 0.501775 0.524518 0.0374562 0.0663775 6
2 0.543078 0.400027 0.0230336 0.0297399 7
2 0.568249 0.47674 0.0478248 0.0951779 10
2 0.778331 0.905139 0.166671 0.183541 13
2 0.505449 0.427748 0.0307017 0.0457153 20
2 0.48257 0.686028 0.0763885 0.121184 1
2 0.360771 0.726797 0.0960602 0.113879 2
2 0.421957 0.508867 0.0458801 0.0668593 3
2 0.451851 0.447719 0.0328868 0.0501483 4
2 0.635859 0.506404 0.0462776 0.0599772 5
2 0.501792 0.519857 0.0373332 0.0608307 6
2 0.542495 0.398956 0.0217712 0.0305506 7
2 0.567316 0.47343 0.0481136 0.0933907 10
2 0.767585 0.893599 0.156216 0.19552 13
2 0.505843 0.426438 0.0290325 0.0459627 20
2 0.482873 0.67807 0.0733352 0.11568 1
2 0.364949 0.716487 0.0936997 0.109619 2
2 0.421271 0.507205 0.0473912 0.0686556 3
2 0.452138 0.446411 0.0328616 0.0501681 4
2 0.633756 0.509378 0.048791 0.0731199 5
2 0.501848 0.516707 0.0373717 0.056867 6
2 0.542215 0.398038 0.0218246 0.0310733 7
2 0.565941 0.469242 0.0474354 0.0937549 10
2 0.756941 0.875126 0.148955 0.196819 13
2 0.505605 0.424975 0.029275 0.0449119 20
2 0.483398 0.671047 0.0724271 0.111725 1
2 0.36729 0.706533 0.091189 0.108377 2
2 0.422963 0.504246 0.0434765 0.0667607 3
2 0.452196 0.445881 0.0326164 0.0490157 4
2 0.632375 0.504743 0.0455303 0.0683659 5
2 0.502054 0.516561 0.0374109 0.0575769 6
2 0.541917 0.397553 0.0223681 0.0299672 7
2 0.562328 0.462545 0.0509412 0.0903587 10
2 0.747389 0.856662 0.140461 0.190125 13
2 0.505997 0.424273 0.0272956 0.0433822 20
5 0.123293 0.374172 0.097443 0.0708127 22
2 0.483886 0.663125 0.0699971 0.110017 1
2 0.370209 0.700002 0.0874084 0.116172 2
2 0.424241 0.500664 0.0419886 0.0663912 3
2 0.452449 0.444997 0.0319229 0.0485932 4
2 0.629899 0.504119 0.0465928 0.0719686 5
2 0.502118 0.517929 0.037886 0.0634037 6
2 0.542214 0.398282 0.0221725 0.0309445 7
2 0.562809 0.45239 0.0485502 0.0744412 10
2 0.738137 0.836808 0.133676 0.180895 13
2 0.50572 0.423414 0.0274985 0.0430887 20
5 0.120856 0.372813 0.100714 0.0699331 22
2 0.484372 0.657374 0.0683915 0.109393 1
2 0.372716 0.690775 0.0872931 0.112337 2
2 0.424437 0.500983 0.0414653 0.0659399 3
2 0.452672 0.443806 0.0314276 0.0481016 4
2 0.627943 0.501632 0.0474885 0.0729362 5
2 0.502358 0.516076 0.0373266 0.0657837 6
2 0.541845 0.397359 0.0216625 0.0316033 7
2 0.562992 0.457302 0.0471808 0.0822977 10
2 0.729978 0.817747 0.127687 0.172498 13
2 0.506057 0.422227 0.0286791 0.0422973 20
5 0.118165 0.372453 0.102688 0.0699872 22
2 0.484691 0.651716 0.0666301 0.105229 1
2 0.374784 0.683905 0.0851075 0.113366 2
2 0.424336 0.499934 0.0412645 0.06869 3
2 0.453081 0.441269 0.0313222 0.0493012 4
2 0.62728 0.495942 0.0451981 0.0668491 5
2 0.502315 0.514455 0.0372324 0.0645806 6
2 0.541544 0.394038 0.0207542 0.0312052 7
7 0.56231 0.459706 0.0460157 0.086008 10
2 0.722032 0.800113 0.123367 0.162744 13
2 0.505956 0.422029 0.0295467 0.0421634 20
5 0.115589 0.370524 0.100989 0.0695432 22
2 0.415832 0.502512 0.0583417 0.069193 26
2 0.479591 0.779579 0.0897486 0.151683 1
2 0.316239 0.893815 0.132338 0.204885 2
2 0.413069 0.533172 0.0519492 0.0757011 3
2 0.447546 0.460608 0.0333936 0.0552222 4
2 0.655195 0.545057 0.0578022 0.0850034 5
2 0.500468 0.549176 0.0407219 0.0750602 6
2 0.545499 0.406425 0.02718 0.0323458 7
2 0.479971 0.768921 0.0894877 0.151028 1
2 0.320326 0.880973 0.128272 0.205256 2
2 0.413021 0.534581 0.053123 0.07766 3
2 0.448384 0.460776 0.0323787 0.054453 4
2 0.653337 0.542703 0.0566648 0.0795081 5
2 0.500473 0.549348 0.039916 0.0781562 6
2 0.545023 0.40647 0.0269081 0.032933 7
2 0.480829 0.760078 0.0876647 0.145588 1
2 0.325069 0.854279 0.124691 0.17891 2
2 0.41348 0.531983 0.0527398 0.0741646 3
2 0.448447 0.456784 0.0331346 0.0550241 4
2 0.651853 0.537354 0.0548599 0.0768798 5
2 0.500852 0.547123 0.0391347 0.0759623 6
2 0.544659 0.405741 0.025676 0.0314846 7
2 0.482173 0.748727 0.0842777 0.144316 1
2 0.330361 0.827423 0.120823 0.153374 2
2 0.414455 0.52668 0.0523509 0.0696061 3
2 0.449093 0.456599 0.0334344 0.056939 4
2 0.650202 0.52975 0.0528828 0.0684968 5
2 0.501344 0.544718 0.0389515 0.0755228 6
2 0.544136 0.405582 0.0247245 0.0310237 7
7 0.573416 0.48595 0.0572333 0.121847 10
2 0.482941 0.737498 0.0824123 0.137325 1
2 0.335873 0.811747 0.116086 0.150307 2
2 0.416187 0.521758 0.0507657 0.0653586 3
2 0.449889 0.454523 0.0336778 0.0536234 4
2 0.647111 0.531137 0.0522752 0.0781284 5
2 0.501511 0.543661 0.0395524 0.0774439 6
2 0.543939 0.40446 0.0235661 0.0312425 7
7 0.573131 0.486006 0.0540588 0.10846 10
2 0.823407 0.960054 0.162153 0.0797948 13
2 0.482982 0.729751 0.0813076 0.133414 1
2 0.340192 0.800203 0.112876 0.152805 2
2 0.417215 0.520448 0.050248 0.0671961 3
2 0.449746 0.452951 0.0340831 0.0517917 4
2 0.645602 0.523773 0.0504309 0.070818 5
2 0.501926 0.538927 0.0401953 0.0782489 6
2 0.54405 0.403624 0.0227374 0.0313722 7
7 0.572693 0.484111 0.0522115 0.101615 10
2 0.814958 0.949152 0.172308 0.0971089 13
2 0.482496 0.71946 0.0797427 0.12719 1
2 0.345305 0.790378 0.107936 0.160516 2
2 0.418352 0.51923 0.0487372 0.0655577 3
2 0.450365 0.451505 0.0331087 0.0511339 4
2 0.643155 0.517969 0.0493359 0.0647125 5
2 0.501735 0.532449 0.0392406 0.0674007 6
2 0.543858 0.402971 0.0240755 0.0323905 7
2 0.57186 0.484342 0.0514433 0.103386 10
2 0.801573 0.93709 0.181404 0.120988 13
2 0.479591 0.779579 0.0897486 0.151683 1
2 0.316239 0.893815 0.132338 0.204885 2
2 0.413069 0.533172 0.0519492 0.0757011 3
2 0.447546 0.460608 0.0333936 0.0552222 4
2 0.655195 0.545057 0.0578022 0.0850034 5
2 0.500468 0.549176 0.0407219 0.0750602 6
2 0.545499 0.406425 0.02718 0.0323458 7
2 0.479971 0.768921 0.0894877 0.151028 1
2 0.320326 0.880973 0.128272 0.205256 2
2 0.413021 0.534581 0.053123 0.07766 3
2 0.448384 0.460776 0.0323787 0.054453 4
2 0.653337 0.542703 0.0566648 0.0795081 5
2 0.500473 0.549348 0.039916 0.0781562 6
2 0.545023 0.40647 0.0269081 0.032933 7
2 0.480829 0.760078 0.0876647 0.145588 1
2 0.325069 0.854279 0.124691 0.17891 2
2 0.41348 0.531983 0.0527398 0.0741646 3
2 0.448447 0.456784 0.0331346 0.0550241 4
2 0.651853 0.537354 0.0548599 0.0768798 5
2 0.500852 0.547123 0.0391347 0.0759623 6
2 0.544659 0.405741 0.025676 0.0314846 7
2 0.482173 0.748727 0.0842777 0.144316 1
2 0.330361 0.827423 0.120823 0.153374 2
2 0.414455 0.52668 0.0523509 0.0696061 3
2 0.449093 0.456599 0.0334344 0.056939 4
2 0.650202 0.52975 0.0528828 0.0684968 5
2 0.501344 0.544718 0.0389515 0.0755228 6
2 0.544136 0.405582 0.0247245 0.0310237 7
7 0.573416 0.48595 0.0572333 0.121847 10
2 0.482941 0.737498 0.0824123 0.137325 1
2 0.335873 0.811747 0.116086 0.150307 2
2 0.416187 0.521758 0.0507657 0.0653586 3
2 0.449889 0.454523 0.0336778 0.0536234 4
2 0.647111 0.531137 0.0522752 0.0781284 5
2 0.501511 0.543661 0.0395524 0.0774439 6
2 0.543939 0.40446 0.0235661 0.0312425 7
7 0.573131 0.486006 0.0540588 0.10846 10
2 0.823407 0.960054 0.162153 0.0797948 13
2 0.482982 0.729751 0.0813076 0.133414 1
2 0.340192 0.800203 0.112876 0.152805 2
2 0.417215 0.520448 0.050248 0.0671961 3
2 0.449746 0.452951 0.0340831 0.0517917 4
2 0.645602 0.523773 0.0504309 0.070818 5
2 0.501926 0.538927 0.0401953 0.0782489 6
2 0.54405 0.403624 0.0227374 0.0313722 7
7 0.572693 0.484111 0.0522115 0.101615 10
2 0.814958 0.949152 0.172308 0.0971089 13
2 0.482496 0.71946 0.0797427 0.12719 1
2 0.345305 0.790378 0.107936 0.160516 2
2 0.418352 0.51923 0.0487372 0.0655577 3
2 0.450365 0.451505 0.0331087 0.0511339 4
2 0.643155 0.517969 0.0493359 0.0647125 5
2 0.501735 0.532449 0.0392406 0.0674007 6
2 0.543858 0.402971 0.0240755 0.0323905 7
2 0.57186 0.484342 0.0514433 0.103386 10
2 0.801573 0.93709 0.181404 0.120988 13
2 0.482417 0.711046 0.0801805 0.127699 1
2 0.349925 0.770253 0.103869 0.142662 2
2 0.419489 0.515967 0.0478252 0.0642769 3
2 0.45058 0.450118 0.0327961 0.0527861 4
2 0.641431 0.513852 0.048928 0.0611389 5
2 0.501449 0.529134 0.0403003 0.0669254 6
2 0.543612 0.401545 0.0232272 0.0324935 7
2 0.570648 0.481056 0.048191 0.10199 10
2 0.788371 0.926036 0.190278 0.141445 13
2 0.482653 0.702745 0.0786644 0.123061 1
2 0.353871 0.760469 0.101947 0.142878 2
2 0.420968 0.511502 0.0472899 0.0653638 3
2 0.451032 0.448785 0.0325499 0.0512803 4
2 0.639657 0.511203 0.0476542 0.0583663 5
2 0.501376 0.52811 0.0391309 0.0699184 6
2 0.543228 0.401272 0.0231174 0.0319029 7
2 0.569633 0.47819 0.0463891 0.097549 10
2 0.785747 0.915873 0.178356 0.163675 13
2 0.4824 0.694429 0.0776166 0.120594 1
2 0.356898 0.740878 0.0979407 0.122721 2
2 0.421637 0.510358 0.0468581 0.066266 3
2 0.451328 0.448257 0.0325174 0.0506681 4
2 0.637851 0.506902 0.0456957 0.0548891 5
2 0.501775 0.524518 0.0374562 0.0663775 6
2 0.543078 0.400027 0.0230336 0.0297399 7
2 0.568249 0.47674 0.0478248 0.0951779 10
2 0.778331 0.905139 0.166671 0.183541 13
2 0.505449 0.427748 0.0307017 0.0457153 20
2 0.48257 0.686028 0.0763885 0.121184 1
2 0.360771 0.726797 0.0960602 0.113879 2
2 0.421957 0.508867 0.0458801 0.0668593 3
2 0.451851 0.447719 0.0328868 0.0501483 4
2 0.635859 0.506404 0.0462776 0.0599772 5
2 0.501792 0.519857 0.0373332 0.0608307 6
2 0.542495 0.398956 0.0217712 0.0305506 7
2 0.567316 0.47343 0.0481136 0.0933907 10
2 0.767585 0.893599 0.156216 0.19552 13
2 0.505843 0.426438 0.0290325 0.0459627 20
2 0.479591 0.779579 0.0897486 0.151683 1
2 0.316239 0.893815 0.132338 0.204885 2
2 0.413069 0.533172 0.0519492 0.0757011 3
2 0.447546 0.460608 0.0333936 0.0552222 4
2 0.655195 0.545057 0.0578022 0.0850034 5
2 0.500468 0.549176 0.0407219 0.0750602 6
2 0.545499 0.406425 0.02718 0.0323458 7
2 0.479971 0.768921 0.0894877 0.151028 1
2 0.320326 0.880973 0.128272 0.205256 2
2 0.413021 0.534581 0.053123 0.07766 3
2 0.448384 0.460776 0.0323787 0.054453 4
2 0.653337 0.542703 0.0566648 0.0795081 5
2 0.500473 0.549348 0.039916 0.0781562 6
2 0.545023 0.40647 0.0269081 0.032933 7
2 0.480829 0.760078 0.0876647 0.145588 1
2 0.325069 0.854279 0.124691 0.17891 2
2 0.41348 0.531983 0.0527398 0.0741646 3
2 0.448447 0.456784 0.0331346 0.0550241 4
2 0.651853 0.537354 0.0548599 0.0768798 5
2 0.500852 0.547123 0.0391347 0.0759623 6
2 0.544659 0.405741 0.025676 0.0314846 7
2 0.482173 0.748727 0.0842777 0.144316 1
2 0.330361 0.827423 0.120823 0.153374 2
2 0.414455 0.52668 0.0523509 0.0696061 3
2 0.449093 0.456599 0.0334344 0.056939 4
2 0.650202 0.52975 0.0528828 0.0684968 5
2 0.501344 0.544718 0.0389515 0.0755228 6
2 0.544136 0.405582 0.0247245 0.0310237 7
7 0.573416 0.48595 0.0572333 0.121847 10
2 0.482941 0.737498 0.0824123 0.137325 1
2 0.335873 0.811747 0.116086 0.150307 2
2 0.416187 0.521758 0.0507657 0.0653586 3
2 0.449889 0.454523 0.0336778 0.0536234 4
2 0.647111 0.531137 0.0522752 0.0781284 5
2 0.501511 0.543661 0.0395524 0.0774439 6
2 0.543939 0.40446 0.0235661 0.0312425 7
7 0.573131 0.486006 0.0540588 0.10846 10
2 0.823407 0.960054 0.162153 0.0797948 13
2 0.482982 0.729751 0.0813076 0.133414 1
2 0.340192 0.800203 0.112876 0.152805 2
2 0.417215 0.520448 0.050248 0.0671961 3
2 0.449746 0.452951 0.0340831 0.0517917 4
2 0.645602 0.523773 0.0504309 0.070818 5
2 0.501926 0.538927 0.0401953 0.0782489 6
2 0.54405 0.403624 0.0227374 0.0313722 7
7 0.572693 0.484111 0.0522115 0.101615 10
2 0.814958 0.949152 0.172308 0.0971089 13
2 0.482496 0.71946 0.0797427 0.12719 1
2 0.345305 0.790378 0.107936 0.160516 2
2 0.418352 0.51923 0.0487372 0.0655577 3
2 0.450365 0.451505 0.0331087 0.0511339 4
2 0.643155 0.517969 0.0493359 0.0647125 5
2 0.501735 0.532449 0.0392406 0.0674007 6
2 0.543858 0.402971 0.0240755 0.0323905 7
2 0.57186 0.484342 0.0514433 0.103386 10
2 0.801573 0.93709 0.181404 0.120988 13
2 0.482417 0.711046 0.0801805 0.127699 1
2 0.349925 0.770253 0.103869 0.142662 2
2 0.419489 0.515967 0.0478252 0.0642769 3
2 0.45058 0.450118 0.0327961 0.0527861 4
2 0.641431 0.513852 0.048928 0.0611389 5
2 0.501449 0.529134 0.0403003 0.0669254 6
2 0.543612 0.401545 0.0232272 0.0324935 7
2 0.570648 0.481056 0.048191 0.10199 10
2 0.788371 0.926036 0.190278 0.141445 13
2 0.482653 0.702745 0.0786644 0.123061 1
2 0.353871 0.760469 0.101947 0.142878 2
2 0.420968 0.511502 0.0472899 0.0653638 3
2 0.451032 0.448785 0.0325499 0.0512803 4
2 0.639657 0.511203 0.0476542 0.0583663 5
2 0.501376 0.52811 0.0391309 0.0699184 6
2 0.543228 0.401272 0.0231174 0.0319029 7
2 0.569633 0.47819 0.0463891 0.097549 10
2 0.785747 0.915873 0.178356 0.163675 13
2 0.4824 0.694429 0.0776166 0.120594 1
2 0.356898 0.740878 0.0979407 0.122721 2
2 0.421637 0.510358 0.0468581 0.066266 3
2 0.451328 0.448257 0.0325174 0.0506681 4
2 0.637851 0.506902 0.0456957 0.0548891 5
2 0.501775 0.524518 0.0374562 0.0663775 6
2 0.543078 0.400027 0.0230336 0.0297399 7
2 0.568249 0.47674 0.0478248 0.0951779 10
2 0.778331 0.905139 0.166671 0.183541 13
2 0.505449 0.427748 0.0307017 0.0457153 20
2 0.48257 0.686028 0.0763885 0.121184 1
2 0.360771 0.726797 0.0960602 0.113879 2
2 0.421957 0.508867 0.0458801 0.0668593 3
2 0.451851 0.447719 0.0328868 0.0501483 4
2 0.635859 0.506404 0.0462776 0.0599772 5
2 0.501792 0.519857 0.0373332 0.0608307 6
2 0.542495 0.398956 0.0217712 0.0305506 7
2 0.567316 0.47343 0.0481136 0.0933907 10
2 0.767585 0.893599 0.156216 0.19552 13
2 0.505843 0.426438 0.0290325 0.0459627 20
2 0.482873 0.67807 0.0733352 0.11568 1
2 0.364949 0.716487 0.0936997 0.109619 2
2 0.421271 0.507205 0.0473912 0.0686556 3
2 0.452138 0.446411 0.0328616 0.0501681 4
2 0.633756 0.509378 0.048791 0.0731199 5
2 0.501848 0.516707 0.0373717 0.056867 6
2 0.542215 0.398038 0.0218246 0.0310733 7
2 0.565941 0.469242 0.0474354 0.0937549 10
2 0.756941 0.875126 0.148955 0.196819 13
2 0.505605 0.424975 0.029275 0.0449119 20
2 0.483398 0.671047 0.0724271 0.111725 1
2 0.36729 0.706533 0.091189 0.108377 2
2 0.422963 0.504246 0.0434765 0.0667607 3
2 0.452196 0.445881 0.0326164 0.0490157 4
2 0.632375 0.504743 0.0455303 0.0683659 5
2 0.502054 0.516561 0.0374109 0.0575769 6
2 0.541917 0.397553 0.0223681 0.0299672 7
2 0.562328 0.462545 0.0509412 0.0903587 10
2 0.747389 0.856662 0.140461 0.190125 13
2 0.505997 0.424273 0.0272956 0.0433822 20
5 0.123293 0.374172 0.097443 0.0708127 22
2 0.483886 0.663125 0.0699971 0.110017 1
2 0.370209 0.700002 0.0874084 0.116172 2
2 0.424241 0.500664 0.0419886 0.0663912 3
2 0.452449 0.444997 0.0319229 0.0485932 4
2 0.629899 0.504119 0.0465928 0.0719686 5
2 0.502118 0.517929 0.037886 0.0634037 6
2 0.542214 0.398282 0.0221725 0.0309445 7
2 0.562809 0.45239 0.0485502 0.0744412 10
2 0.738137 0.836808 0.133676 0.180895 13
2 0.50572 0.423414 0.0274985 0.0430887 20
5 0.120856 0.372813 0.100714 0.0699331 22
2 0.484372 0.657374 0.0683915 0.109393 1
2 0.372716 0.690775 0.0872931 0.112337 2
2 0.424437 0.500983 0.0414653 0.0659399 3
2 0.452672 0.443806 0.0314276 0.0481016 4
2 0.627943 0.501632 0.0474885 0.0729362 5
2 0.502358 0.516076 0.0373266 0.0657837 6
2 0.541845 0.397359 0.0216625 0.0316033 7
2 0.562992 0.457302 0.0471808 0.0822977 10
2 0.729978 0.817747 0.127687 0.172498 13
2 0.506057 0.422227 0.0286791 0.0422973 20
5 0.118165 0.372453 0.102688 0.0699872 22
2 0.484691 0.651716 0.0666301 0.105229 1
2 0.374784 0.683905 0.0851075 0.113366 2
2 0.424336 0.499934 0.0412645 0.06869 3
2 0.453081 0.441269 0.0313222 0.0493012 4
2 0.62728 0.495942 0.0451981 0.0668491 5
2 0.502315 0.514455 0.0372324 0.0645806 6
2 0.541544 0.394038 0.0207542 0.0312052 7
7 0.56231 0.459706 0.0460157 0.086008 10
2 0.722032 0.800113 0.123367 0.162744 13
2 0.505956 0.422029 0.0295467 0.0421634 20
5 0.115589 0.370524 0.100989 0.0695432 22
2 0.415832 0.502512 0.0583417 0.069193 26
2 0.485278 0.645843 0.0654054 0.103092 1
2 0.377216 0.668423 0.0835549 0.0982932 2
2 0.425838 0.495873 0.0408342 0.0652029 3
2 0.453142 0.440238 0.0314282 0.0493579 4
2 0.626559 0.490414 0.0433667 0.0591742 5
2 0.502268 0.513626 0.0364084 0.0664242 6
2 0.541448 0.394143 0.0203026 0.0305366 7
2 0.562225 0.459498 0.0445463 0.0814376 10
2 0.71419 0.783283 0.117879 0.15486 13
2 0.505742 0.421426 0.0293819 0.0409463 20
5 0.112098 0.371872 0.101634 0.0723809 22
2 0.416768 0.499363 0.0585853 0.0659778 26
7 0.485498 0.639496 0.0644135 0.100232 1
2 0.380127 0.659924 0.0797239 0.0921791 2
2 0.427021 0.491696 0.0400718 0.062817 3
2 0.453722 0.440638 0.0316963 0.048838 4
2 0.502153 0.51216 0.0372704 0.0671814 6
2 0.540876 0.393356 0.0203064 0.0292045 7
7 0.561738 0.457479 0.0436766 0.0812302 10
2 0.706653 0.768207 0.113958 0.148261 13
2 0.505125 0.42087 0.0296788 0.0407189 20
5 0.10922 0.373121 0.104257 0.07424 22
2 0.418453 0.496525 0.0560105 0.0662422 26
7 0.485777 0.632234 0.0622813 0.097985 1
2 0.38248 0.651928 0.0786259 0.0869023 2
2 0.428615 0.485273 0.0372705 0.0577519 3
2 0.454118 0.439477 0.0319957 0.0510632 4
2 0.502216 0.510279 0.0371775 0.0671091 6
2 0.540747 0.393822 0.0223884 0.0275579 7
7 0.560778 0.457151 0.0419061 0.0824798 10
2 0.700399 0.752562 0.109608 0.140029 13
2 0.505516 0.420254 0.0279555 0.0408005 20
5 0.105829 0.375711 0.108364 0.0738427 22
2 0.423488 0.490915 0.0478244 0.0663257 26
2 0.486101 0.625917 0.0622068 0.098155 1
2 0.38446 0.644554 0.0771189 0.0867571 2
2 0.429967 0.481252 0.0372556 0.0524527 3
2 0.454152 0.437741 0.0322301 0.0503749 4
2 0.502369 0.508771 0.0369221 0.0674924 6
2 0.540143 0.392486 0.0211279 0.0276039 7
7 0.56024 0.454333 0.0415558 0.0826814 10
2 0.693945 0.740095 0.10546 0.135703 13
2 0.505554 0.419192 0.027281 0.039729 20
5 0.107839 0.375562 0.101885 0.0744047 22
2 0.423072 0.488492 0.0523881 0.0655192 26
2 0.940346 0.955845 0.118207 0.08729 29
2 0.519917 0.967519 0.14434 0.0607125 30
2 0.48596 0.621449 0.0612017 0.0968661 1
2 0.386726 0.637018 0.0760398 0.0832048 2
2 0.429929 0.47978 0.0366278 0.0534875 3
2 0.454776 0.437198 0.0320276 0.0513618 4
2 0.503147 0.507664 0.0362824 0.0689743 6
2 0.53927 0.393767 0.0193852 0.0253096 7
7 0.559739 0.452197 0.0402328 0.0829973 10
2 0.688455 0.726224 0.102546 0.132142 13
2 0.505897 0.418663 0.0264689 0.0391821 20
5 0.108685 0.376385 0.0946077 0.0779874 22
2 0.424684 0.487177 0.0478741 0.0672725 26
2 0.933734 0.944878 0.131452 0.109171 29
2 0.520873 0.957975 0.148311 0.0780017 30
2 0.479591 0.779579 0.0897486 0.151683 1
2 0.316239 0.893815 0.132338 0.204885 2
2 0.413069 0.533172 0.0519492 0.0757011 3
2 0.447546 0.460608 0.0333936 0.0552222 4
2 0.655195 0.545057 0.0578022 0.0850034 5
2 0.500468 0.549176 0.0407219 0.0750602 6
2 0.545499 0.406425 0.02718 0.0323458 7
2 0.479971 0.768921 0.0894877 0.151028 1
2 0.320326 0.880973 0.128272 0.205256 2
2 0.413021 0.534581 0.053123 0.07766 3
2 0.448384 0.460776 0.0323787 0.054453 4
2 0.653337 0.542703 0.0566648 0.0795081 5
2 0.500473 0.549348 0.039916 0.0781562 6
2 0.545023 0.40647 0.0269081 0.032933 7
2 0.480829 0.760078 0.0876647 0.145588 1
2 0.325069 0.854279 0.124691 0.17891 2
2 0.41348 0.531983 0.0527398 0.0741646 3
2 0.448447 0.456784 0.0331346 0.0550241 4
2 0.651853 0.537354 0.0548599 0.0768798 5
2 0.500852 0.547123 0.0391347 0.0759623 6
2 0.544659 0.405741 0.025676 0.0314846 7
2 0.482173 0.748727 0.0842777 0.144316 1
2 0.330361 0.827423 0.120823 0.153374 2
2 0.414455 0.52668 0.0523509 0.0696061 3
2 0.449093 0.456599 0.0334344 0.056939 4
2 0.650202 0.52975 0.0528828 0.0684968 5
2 0.501344 0.544718 0.0389515 0.0755228 6
2 0.544136 0.405582 0.0247245 0.0310237 7
7 0.573416 0.48595 0.0572333 0.121847 10
2 0.482941 0.737498 0.0824123 0.137325 1
2 0.335873 0.811747 0.116086 0.150307 2
2 0.416187 0.521758 0.0507657 0.0653586 3
2 0.449889 0.454523 0.0336778 0.0536234 4
2 0.647111 0.531137 0.0522752 0.0781284 5
2 0.501511 0.543661 0.0395524 0.0774439 6
2 0.543939 0.40446 0.0235661 0.0312425 7
7 0.573131 0.486006 0.0540588 0.10846 10
2 0.823407 0.960054 0.162153 0.0797948 13
2 0.482982 0.729751 0.0813076 0.133414 1
2 0.340192 0.800203 0.112876 0.152805 2
2 0.417215 0.520448 0.050248 0.0671961 3
2 0.449746 0.452951 0.0340831 0.0517917 4
2 0.645602 0.523773 0.0504309 0.070818 5
2 0.501926 0.538927 0.0401953 0.0782489 6
2 0.54405 0.403624 0.0227374 0.0313722 7
7 0.572693 0.484111 0.0522115 0.101615 10
2 0.814958 0.949152 0.172308 0.0971089 13
2 0.482496 0.71946 0.0797427 0.12719 1
2 0.345305 0.790378 0.107936 0.160516 2
2 0.418352 0.51923 0.0487372 0.0655577 3
2 0.450365 0.451505 0.0331087 0.0511339 4
2 0.643155 0.517969 0.0493359 0.0647125 5
2 0.501735 0.532449 0.0392406 0.0674007 6
2 0.543858 0.402971 0.0240755 0.0323905 7
2 0.57186 0.484342 0.0514433 0.103386 10
2 0.801573 0.93709 0.181404 0.120988 13
2 0.482417 0.711046 0.0801805 0.127699 1
2 0.349925 0.770253 0.103869 0.142662 2
2 0.419489 0.515967 0.0478252 0.0642769 3
2 0.45058 0.450118 0.0327961 0.0527861 4
2 0.641431 0.513852 0.048928 0.0611389 5
2 0.501449 0.529134 0.0403003 0.0669254 6
2 0.543612 0.401545 0.0232272 0.0324935 7
2 0.570648 0.481056 0.048191 0.10199 10
2 0.788371 0.926036 0.190278 0.141445 13
2 0.482653 0.702745 0.0786644 0.123061 1
2 0.353871 0.760469 0.101947 0.142878 2
2 0.420968 0.511502 0.0472899 0.0653638 3
2 0.451032 0.448785 0.0325499 0.0512803 4
2 0.639657 0.511203 0.0476542 0.0583663 5
2 0.501376 0.52811 0.0391309 0.0699184 6
2 0.543228 0.401272 0.0231174 0.0319029 7
2 0.569633 0.47819 0.0463891 0.097549 10
2 0.785747 0.915873 0.178356 0.163675 13
2 0.479591 0.779579 0.0897486 0.151683 1
2 0.316239 0.893815 0.132338 0.204885 2
2 0.413069 0.533172 0.0519492 0.0757011 3
2 0.447546 0.460608 0.0333936 0.0552222 4
2 0.655195 0.545057 0.0578022 0.0850034 5
2 0.500468 0.549176 0.0407219 0.0750602 6
2 0.545499 0.406425 0.02718 0.0323458 7
2 0.479971 0.768921 0.0894877 0.151028 1
2 0.320326 0.880973 0.128272 0.205256 2
2 0.413021 0.534581 0.053123 0.07766 3
2 0.448384 0.460776 0.0323787 0.054453 4
2 0.653337 0.542703 0.0566648 0.0795081 5
2 0.500473 0.549348 0.039916 0.0781562 6
2 0.545023 0.40647 0.0269081 0.032933 7
2 0.479591 0.779579 0.0897486 0.151683 1
2 0.316239 0.893815 0.132338 0.204885 2
2 0.413069 0.533172 0.0519492 0.0757011 3
2 0.447546 0.460608 0.0333936 0.0552222 4
2 0.655195 0.545057 0.0578022 0.0850034 5
2 0.500468 0.549176 0.0407219 0.0750602 6
2 0.545499 0.406425 0.02718 0.0323458 7
2 0.479971 0.768921 0.0894877 0.151028 1
2 0.320326 0.880973 0.128272 0.205256 2
2 0.413021 0.534581 0.053123 0.07766 3
2 0.448384 0.460776 0.0323787 0.054453 4
2 0.653337 0.542703 0.0566648 0.0795081 5
2 0.500473 0.549348 0.039916 0.0781562 6
2 0.545023 0.40647 0.0269081 0.032933 7
2 0.480829 0.760078 0.0876647 0.145588 1
2 0.325069 0.854279 0.124691 0.17891 2
2 0.41348 0.531983 0.0527398 0.0741646 3
2 0.448447 0.456784 0.0331346 0.0550241 4
2 0.651853 0.537354 0.0548599 0.0768798 5
2 0.500852 0.547123 0.0391347 0.0759623 6
2 0.544659 0.405741 0.025676 0.0314846 7
2 0.482173 0.748727 0.0842777 0.144316 1
2 0.330361 0.827423 0.120823 0.153374 2
2 0.414455 0.52668 0.0523509 0.0696061 3
2 0.449093 0.456599 0.0334344 0.056939 4
2 0.650202 0.52975 0.0528828 0.0684968 5
2 0.501344 0.544718 0.0389515 0.0755228 6
2 0.544136 0.405582 0.0247245 0.0310237 7
7 0.573416 0.48595 0.0572333 0.121847 10
2 0.482941 0.737498 0.0824123 0.137325 1
2 0.335873 0.811747 0.116086 0.150307 2
2 0.416187 0.521758 0.0507657 0.0653586 3
2 0.449889 0.454523 0.0336778 0.0536234 4
2 0.647111 0.531137 0.0522752 0.0781284 5
2 0.501511 0.543661 0.0395524 0.0774439 6
2 0.543939 0.40446 0.0235661 0.0312425 7
7 0.573131 0.486006 0.0540588 0.10846 10
2 0.823407 0.960054 0.162153 0.0797948 13
2 0.482982 0.729751 0.0813076 0.133414 1
2 0.340192 0.800203 0.112876 0.152805 2
2 0.417215 0.520448 0.050248 0.0671961 3
2 0.449746 0.452951 0.0340831 0.0517917 4
2 0.645602 0.523773 0.0504309 0.070818 5
2 0.501926 0.538927 0.0401953 0.0782489 6
2 0.54405 0.403624 0.0227374 0.0313722 7
7 0.572693 0.484111 0.0522115 0.101615 10
2 0.814958 0.949152 0.172308 0.0971089 13
2 0.482496 0.71946 0.0797427 0.12719 1
2 0.345305 0.790378 0.107936 0.160516 2
2 0.418352 0.51923 0.0487372 0.0655577 3
2 0.450365 0.451505 0.0331087 0.0511339 4
2 0.643155 0.517969 0.0493359 0.0647125 5
2 0.501735 0.532449 0.0392406 0.0674007 6
2 0.543858 0.402971 0.0240755 0.0323905 7
2 0.57186 0.484342 0.0514433 0.103386 10
2 0.801573 0.93709 0.181404 0.120988 13
2 0.482417 0.711046 0.0801805 0.127699 1
2 0.349925 0.770253 0.103869 0.142662 2
2 0.419489 0.515967 0.0478252 0.0642769 3
2 0.45058 0.450118 0.0327961 0.0527861 4
2 0.641431 0.513852 0.048928 0.0611389 5
2 0.501449 0.529134 0.0403003 0.0669254 6
2 0.543612 0.401545 0.0232272 0.0324935 7
2 0.570648 0.481056 0.048191 0.10199 10
2 0.788371 0.926036 0.190278 0.141445 13
2 0.479591 0.779579 0.0897486 0.151683 1
2 0.316239 0.893815 0.132338 0.204885 2
2 0.413069 0.533172 0.0519492 0.0757011 3
2 0.447546 0.460608 0.0333936 0.0552222 4
2 0.655195 0.545057 0.0578022 0.0850034 5
2 0.500468 0.549176 0.0407219 0.0750602 6
2 0.545499 0.406425 0.02718 0.0323458 7
2 0.479971 0.768921 0.0894877 0.151028 1
2 0.320326 0.880973 0.128272 0.205256 2
2 0.413021 0.534581 0.053123 0.07766 3
2 0.448384 0.460776 0.0323787 0.054453 4
2 0.653337 0.542703 0.0566648 0.0795081 5
2 0.500473 0.549348 0.039916 0.0781562 6
2 0.545023 0.40647 0.0269081 0.032933 7
2 0.480829 0.760078 0.0876647 0.145588 1
2 0.325069 0.854279 0.124691 0.17891 2
2 0.41348 0.531983 0.0527398 0.0741646 3
2 0.448447 0.456784 0.0331346 0.0550241 4
2 0.651853 0.537354 0.0548599 0.0768798 5
2 0.500852 0.547123 0.0391347 0.0759623 6
2 0.544659 0.405741 0.025676 0.0314846 7
2 0.482173 0.748727 0.0842777 0.144316 1
2 0.330361 0.827423 0.120823 0.153374 2
2 0.414455 0.52668 0.0523509 0.0696061 3
2 0.449093 0.456599 0.0334344 0.056939 4
2 0.650202 0.52975 0.0528828 0.0684968 5
2 0.501344 0.544718 0.0389515 0.0755228 6
2 0.544136 0.405582 0.0247245 0.0310237 7
7 0.573416 0.48595 0.0572333 0.121847 10
2 0.482941 0.737498 0.0824123 0.137325 1
2 0.335873 0.811747 0.116086 0.150307 2
2 0.416187 0.521758 0.0507657 0.0653586 3
2 0.449889 0.454523 0.0336778 0.0536234 4
2 0.647111 0.531137 0.0522752 0.0781284 5
2 0.501511 0.543661 0.0395524 0.0774439 6
2 0.543939 0.40446 0.0235661 0.0312425 7
7 0.573131 0.486006 0.0540588 0.10846 10
2 0.823407 0.960054 0.162153 0.0797948 13
2 0.482982 0.729751 0.0813076 0.133414 1
2 0.340192 0.800203 0.112876 0.152805 2
2 0.417215 0.520448 0.050248 0.0671961 3
2 0.449746 0.452951 0.0340831 0.0517917 4
2 0.645602 0.523773 0.0504309 0.070818 5
2 0.501926 0.538927 0.0401953 0.0782489 6
2 0.54405 0.403624 0.0227374 0.0313722 7
7 0.572693 0.484111 0.0522115 0.101615 10
2 0.814958 0.949152 0.172308 0.0971089 13
2 0.479591 0.779579 0.0897486 0.151683 1
2 0.316239 0.893815 0.132338 0.204885 2
2 0.413069 0.533172 0.0519492 0.0757011 3
2 0.447546 0.460608 0.0333936 0.0552222 4
2 0.655195 0.545057 0.0578022 0.0850034 5
2 0.500468 0.549176 0.0407219 0.0750602 6
2 0.545499 0.406425 0.02718 0.0323458 7
2 0.479971 0.768921 0.0894877 0.151028 1
2 0.320326 0.880973 0.128272 0.205256 2
2 0.413021 0.534581 0.053123 0.07766 3
2 0.448384 0.460776 0.0323787 0.054453 4
2 0.653337 0.542703 0.0566648 0.0795081 5
2 0.500473 0.549348 0.039916 0.0781562 6
2 0.545023 0.40647 0.0269081 0.032933 7
2 0.480829 0.760078 0.0876647 0.145588 1
2 0.325069 0.854279 0.124691 0.17891 2
2 0.41348 0.531983 0.0527398 0.0741646 3
2 0.448447 0.456784 0.0331346 0.0550241 4
2 0.651853 0.537354 0.0548599 0.0768798 5
2 0.500852 0.547123 0.0391347 0.0759623 6
2 0.544659 0.405741 0.025676 0.0314846 7
2 0.482173 0.748727 0.0842777 0.144316 1
2 0.330361 0.827423 0.120823 0.153374 2
2 0.414455 0.52668 0.0523509 0.0696061 3
2 0.449093 0.456599 0.0334344 0.056939 4
2 0.650202 0.52975 0.0528828 0.0684968 5
2 0.501344 0.544718 0.0389515 0.0755228 6
2 0.544136 0.405582 0.0247245 0.0310237 7
7 0.573416 0.48595 0.0572333 0.121847 10
2 0.482941 0.737498 0.0824123 0.137325 1
2 0.335873 0.811747 0.116086 0.150307 2
2 0.416187 0.521758 0.0507657 0.0653586 3
2 0.449889 0.454523 0.0336778 0.0536234 4
2 0.647111 0.531137 0.0522752 0.0781284 5
2 0.501511 0.543661 0.0395524 0.0774439 6
2 0.543939 0.40446 0.0235661 0.0312425 7
7 0.573131 0.486006 0.0540588 0.10846 10
2 0.823407 0.960054 0.162153 0.0797948 13
2 0.482982 0.729751 0.0813076 0.133414 1
2 0.340192 0.800203 0.112876 0.152805 2
2 0.417215 0.520448 0.050248 0.0671961 3
2 0.449746 0.452951 0.0340831 0.0517917 4
2 0.645602 0.523773 0.0504309 0.070818 5
2 0.501926 0.538927 0.0401953 0.0782489 6
2 0.54405 0.403624 0.0227374 0.0313722 7
7 0.572693 0.484111 0.0522115 0.101615 10
2 0.814958 0.949152 0.172308 0.0971089 13
2 0.482496 0.71946 0.0797427 0.12719 1
2 0.345305 0.790378 0.107936 0.160516 2
2 0.418352 0.51923 0.0487372 0.0655577 3
2 0.450365 0.451505 0.0331087 0.0511339 4
2 0.643155 0.517969 0.0493359 0.0647125 5
2 0.501735 0.532449 0.0392406 0.0674007 6
2 0.543858 0.402971 0.0240755 0.0323905 7
2 0.57186 0.484342 0.0514433 0.103386 10
2 0.801573 0.93709 0.181404 0.120988 13
2 0.479591 0.779579 0.0897486 0.151683 1
2 0.316239 0.893815 0.132338 0.204885 2
2 0.413069 0.533172 0.0519492 0.0757011 3
2 0.447546 0.460608 0.0333936 0.0552222 4
2 0.655195 0.545057 0.0578022 0.0850034 5
2 0.500468 0.549176 0.0407219 0.0750602 6
2 0.545499 0.406425 0.02718 0.0323458 7
2 0.479971 0.768921 0.0894877 0.151028 1
2 0.320326 0.880973 0.128272 0.205256 2
2 0.413021 0.534581 0.053123 0.07766 3
2 0.448384 0.460776 0.0323787 0.054453 4
2 0.653337 0.542703 0.0566648 0.0795081 5
2 0.500473 0.549348 0.039916 0.0781562 6
2 0.545023 0.40647 0.0269081 0.032933 7
2 0.480829 0.760078 0.0876647 0.145588 1
2 0.325069 0.854279 0.124691 0.17891 2
2 0.41348 0.531983 0.0527398 0.0741646 3
2 0.448447 0.456784 0.0331346 0.0550241 4
2 0.651853 0.537354 0.0548599 0.0768798 5
2 0.500852 0.547123 0.0391347 0.0759623 6
2 0.544659 0.405741 0.025676 0.0314846 7
2 0.482173 0.748727 0.0842777 0.144316 1
2 0.330361 0.827423 0.120823 0.153374 2
2 0.414455 0.52668 0.0523509 0.0696061 3
2 0.449093 0.456599 0.0334344 0.056939 4
2 0.650202 0.52975 0.0528828 0.0684968 5
2 0.501344 0.544718 0.0389515 0.0755228 6
2 0.544136 0.405582 0.0247245 0.0310237 7
7 0.573416 0.48595 0.0572333 0.121847 10
2 0.482941 0.737498 0.0824123 0.137325 1
2 0.335873 0.811747 0.116086 0.150307 2
2 0.416187 0.521758 0.0507657 0.0653586 3
2 0.449889 0.454523 0.0336778 0.0536234 4
2 0.647111 0.531137 0.0522752 0.0781284 5
2 0.501511 0.543661 0.0395524 0.0774439 6
2 0.543939 0.40446 0.0235661 0.0312425 7
7 0.573131 0.486006 0.0540588 0.10846 10
2 0.823407 0.960054 0.162153 0.0797948 13
2 0.482982 0.729751 0.0813076 0.133414 1
2 0.340192 0.800203 0.112876 0.152805 2
2 0.417215 0.520448 0.050248 0.0671961 3
2 0.449746 0.452951 0.0340831 0.0517917 4
2 0.645602 0.523773 0.0504309 0.070818 5
2 0.501926 0.538927 0.0401953 0.0782489 6
2 0.54405 0.403624 0.0227374 0.0313722 7
7 0.572693 0.484111 0.0522115 0.101615 10
2 0.814958 0.949152 0.172308 0.0971089 13
2 0.482496 0.71946 0.0797427 0.12719 1
2 0.345305 0.790378 0.107936 0.160516 2
2 0.418352 0.51923 0.0487372 0.0655577 3
2 0.450365 0.451505 0.0331087 0.0511339 4
2 0.643155 0.517969 0.0493359 0.0647125 5
2 0.501735 0.532449 0.0392406 0.0674007 6
2 0.543858 0.402971 0.0240755 0.0323905 7
2 0.57186 0.484342 0.0514433 0.103386 10
2 0.801573 0.93709 0.181404 0.120988 13
2 0.482417 0.711046 0.0801805 0.127699 1
2 0.349925 0.770253 0.103869 0.142662 2
2 0.419489 0.515967 0.0478252 0.0642769 3
2 0.45058 0.450118 0.0327961 0.0527861 4
2 0.641431 0.513852 0.048928 0.0611389 5
2 0.501449 0.529134 0.0403003 0.0669254 6
2 0.543612 0.401545 0.0232272 0.0324935 7
2 0.570648 0.481056 0.048191 0.10199 10
2 0.788371 0.926036 0.190278 0.141445 13
2 0.482653 0.702745 0.0786644 0.123061 1
2 0.353871 0.760469 0.101947 0.142878 2
2 0.420968 0.511502 0.0472899 0.0653638 3
2 0.451032 0.448785 0.0325499 0.0512803 4
2 0.639657 0.511203 0.0476542 0.0583663 5
2 0.501376 0.52811 0.0391309 0.0699184 6
2 0.543228 0.401272 0.0231174 0.0319029 7
2 0.569633 0.47819 0.0463891 0.097549 10
2 0.785747 0.915873 0.178356 0.163675 13
2 0.4824 0.694429 0.0776166 0.120594 1
2 0.356898 0.740878 0.0979407 0.122721 2
2 0.421637 0.510358 0.0468581 0.066266 3
2 0.451328 0.448257 0.0325174 0.0506681 4
2 0.637851 0.506902 0.0456957 0.0548891 5
2 0.501775 0.524518 0.0374562 0.0663775 6
2 0.543078 0.400027 0.0230336 0.0297399 7
2 0.568249 0.47674 0.0478248 0.0951779 10
2 0.778331 0.905139 0.166671 0.183541 13
2 0.505449 0.427748 0.0307017 0.0457153 20
2 0.48257 0.686028 0.0763885 0.121184 1
2 0.360771 0.726797 0.0960602 0.113879 2
2 0.421957 0.508867 0.0458801 0.0668593 3
2 0.451851 0.447719 0.0328868 0.0501483 4
2 0.635859 0.506404 0.0462776 0.0599772 5
2 0.501792 0.519857 0.0373332 0.0608307 6
2 0.542495 0.398956 0.0217712 0.0305506 7
2 0.567316 0.47343 0.0481136 0.0933907 10
2 0.767585 0.893599 0.156216 0.19552 13
2 0.505843 0.426438 0.0290325 0.0459627 20
2 0.482873 0.67807 0.0733352 0.11568 1
2 0.364949 0.716487 0.0936997 0.109619 2
2 0.421271 0.507205 0.0473912 0.0686556 3
2 0.452138 0.446411 0.0328616 0.0501681 4
2 0.633756 0.509378 0.048791 0.0731199 5
2 0.501848 0.516707 0.0373717 0.056867 6
2 0.542215 0.398038 0.0218246 0.0310733 7
2 0.565941 0.469242 0.0474354 0.0937549 10
2 0.756941 0.875126 0.148955 0.196819 13
2 0.505605 0.424975 0.029275 0.0449119 20
2 0.483398 0.671047 0.0724271 0.111725 1
2 0.36729 0.706533 0.091189 0.108377 2
2 0.422963 0.504246 0.0434765 0.0667607 3
2 0.452196 0.445881 0.0326164 0.0490157 4
2 0.632375 0.504743 0.0455303 0.0683659 5
2 0.502054 0.516561 0.0374109 0.0575769 6
2 0.541917 0.397553 0.0223681 0.0299672 7
2 0.562328 0.462545 0.0509412 0.0903587 10
2 0.747389 0.856662 0.140461 0.190125 13
2 0.505997 0.424273 0.0272956 0.0433822 20
5 0.123293 0.374172 0.097443 0.0708127 22
2 0.483886 0.663125 0.0699971 0.110017 1
2 0.370209 0.700002 0.0874084 0.116172 2
2 0.424241 0.500664 0.0419886 0.0663912 3
2 0.452449 0.444997 0.0319229 0.0485932 4
2 0.629899 0.504119 0.0465928 0.0719686 5
2 0.502118 0.517929 0.037886 0.0634037 6
2 0.542214 0.398282 0.0221725 0.0309445 7
2 0.562809 0.45239 0.0485502 0.0744412 10
2 0.738137 0.836808 0.133676 0.180895 13
2 0.50572 0.423414 0.0274985 0.0430887 20
5 0.120856 0.372813 0.100714 0.0699331 22
2 0.479591 0.779579 0.0897486 0.151683 1
2 0.316239 0.893815 0.132338 0.204885 2
2 0.413069 0.533172 0.0519492 0.0757011 3
2 0.447546 0.460608 0.0333936 0.0552222 4
2 0.655195 0.545057 0.0578022 0.0850034 5
2 0.500468 0.549176 0.0407219 0.0750602 6
2 0.545499 0.406425 0.02718 0.0323458 7
2 0.479971 0.768921 0.0894877 0.151028 1
2 0.320326 0.880973 0.128272 0.205256 2
2 0.413021 0.534581 0.053123 0.07766 3
2 0.448384 0.460776 0.0323787 0.054453 4
2 0.653337 0.542703 0.0566648 0.0795081 5
2 0.500473 0.549348 0.039916 0.0781562 6
2 0.545023 0.40647 0.0269081 0.032933 7
2 0.480829 0.760078 0.0876647 0.145588 1
2 0.325069 0.854279 0.124691 0.17891 2
2 0.41348 0.531983 0.0527398 0.0741646 3
2 0.448447 0.456784 0.0331346 0.0550241 4
2 0.651853 0.537354 0.0548599 0.0768798 5
2 0.500852 0.547123 0.0391347 0.0759623 6
2 0.544659 0.405741 0.025676 0.0314846 7
2 0.482173 0.748727 0.0842777 0.144316 1
2 0.330361 0.827423 0.120823 0.153374 2
2 0.414455 0.52668 0.0523509 0.0696061 3
2 0.449093 0.456599 0.0334344 0.056939 4
2 0.650202 0.52975 0.0528828 0.0684968 5
2 0.501344 0.544718 0.0389515 0.0755228 6
2 0.544136 0.405582 0.0247245 0.0310237 7
7 0.573416 0.48595 0.0572333 0.121847 10
2 0.482941 0.737498 0.0824123 0.137325 1
2 0.335873 0.811747 0.116086 0.150307 2
2 0.416187 0.521758 0.0507657 0.0653586 3
2 0.449889 0.454523 0.0336778 0.0536234 4
2 0.647111 0.531137 0.0522752 0.0781284 5
2 0.501511 0.543661 0.0395524 0.0774439 6
2 0.543939 0.40446 0.0235661 0.0312425 7
7 0.573131 0.486006 0.0540588 0.10846 10
2 0.823407 0.960054 0.162153 0.0797948 13
2 0.482982 0.729751 0.0813076 0.133414 1
2 0.340192 0.800203 0.112876 0.152805 2
2 0.417215 0.520448 0.050248 0.0671961 3
2 0.449746 0.452951 0.0340831 0.0517917 4
2 0.645602 0.523773 0.0504309 0.070818 5
2 0.501926 0.538927 0.0401953 0.0782489 6
2 0.54405 0.403624 0.0227374 0.0313722 7
7 0.572693 0.484111 0.0522115 0.101615 10
2 0.814958 0.949152 0.172308 0.0971089 13
2 0.482496 0.71946 0.0797427 0.12719 1
2 0.345305 0.790378 0.107936 0.160516 2
2 0.418352 0.51923 0.0487372 0.0655577 3
2 0.450365 0.451505 0.0331087 0.0511339 4
2 0.643155 0.517969 0.0493359 0.0647125 5
2 0.501735 0.532449 0.0392406 0.0674007 6
2 0.543858 0.402971 0.0240755 0.0323905 7
2 0.57186 0.484342 0.0514433 0.103386 10
2 0.801573 0.93709 0.181404 0.120988 13
2 0.482417 0.711046 0.0801805 0.127699 1
2 0.349925 0.770253 0.103869 0.142662 2
2 0.419489 0.515967 0.0478252 0.0642769 3
2 0.45058 0.450118 0.0327961 0.0527861 4
2 0.641431 0.513852 0.048928 0.0611389 5
2 0.501449 0.529134 0.0403003 0.0669254 6
2 0.543612 0.401545 0.0232272 0.0324935 7
2 0.570648 0.481056 0.048191 0.10199 10
2 0.788371 0.926036 0.190278 0.141445 13
2 0.482653 0.702745 0.0786644 0.123061 1
2 0.353871 0.760469 0.101947 0.142878 2
2 0.420968 0.511502 0.0472899 0.0653638 3
2 0.451032 0.448785 0.0325499 0.0512803 4
2 0.639657 0.511203 0.0476542 0.0583663 5
2 0.501376 0.52811 0.0391309 0.0699184 6
2 0.543228 0.401272 0.0231174 0.0319029 7
2 0.569633 0.47819 0.0463891 0.097549 10
2 0.785747 0.915873 0.178356 0.163675 13
2 0.4824 0.694429 0.0776166 0.120594 1
2 0.356898 0.740878 0.0979407 0.122721 2
2 0.421637 0.510358 0.0468581 0.066266 3
2 0.451328 0.448257 0.0325174 0.0506681 4
2 0.637851 0.506902 0.0456957 0.0548891 5
2 0.501775 0.524518 0.0374562 0.0663775 6
2 0.543078 0.400027 0.0230336 0.0297399 7
2 0.568249 0.47674 0.0478248 0.0951779 10
2 0.778331 0.905139 0.166671 0.183541 13
2 0.505449 0.427748 0.0307017 0.0457153 20
2 0.48257 0.686028 0.0763885 0.121184 1
2 0.360771 0.726797 0.0960602 0.113879 2
2 0.421957 0.508867 0.0458801 0.0668593 3
2 0.451851 0.447719 0.0328868 0.0501483 4
2 0.635859 0.506404 0.0462776 0.0599772 5
2 0.501792 0.519857 0.0373332 0.0608307 6
2 0.542495 0.398956 0.0217712 0.0305506 7
2 0.567316 0.47343 0.0481136 0.0933907 10
2 0.767585 0.893599 0.156216 0.19552 13
2 0.505843 0.426438 0.0290325 0.0459627 20
2 0.482873 0.67807 0.0733352 0.11568 1
2 0.364949 0.716487 0.0936997 0.109619 2
2 0.421271 0.507205 0.0473912 0.0686556 3
2 0.452138 0.446411 0.0328616 0.0501681 4
2 0.633756 0.509378 0.048791 0.0731199 5
2 0.501848 0.516707 0.0373717 0.056867 6
2 0.542215 0.398038 0.0218246 0.0310733 7
2 0.565941 0.469242 0.0474354 0.0937549 10
2 0.756941 0.875126 0.148955 0.196819 13
2 0.505605 0.424975 0.029275 0.0449119 20
